version https://git-lfs.github.com/spec/v1
oid sha256:bb61801ba0ff6a2711e24bd3d82693a61a815805616cc5e8b7029f690f79e23c
size 439715
