version https://git-lfs.github.com/spec/v1
oid sha256:7dee9e2c7e3a59bd49ddff04a4b80e9d91a31aa7c0cbc046c113a95d6a9d977d
size 36364
